medians:
-0.19230850131990002
-0.18492754512690002
-0.1773089925948
-0.1698085511444
-0.16236560738220002
-0.1548580637564
-0.1473692959966
-0.1397971525072
-0.1324407273913
-0.1248934006987
-0.1173235021498
-0.10993898126340002
-0.1024461862164
-0.09490347185610001
-0.0875651423212
-0.0799452020077
-0.0725364629753
-0.0650698861122
-0.057617894559500005
-0.0537662025237

standard devs:
0.004336752840635577
0.004323009335381762
0.004338152044055188
0.004316488377947616
0.004336021529255654
0.004327275606700117
0.004336378840464191
0.004330156916968311
0.004320269866795382
0.0043294334599874255
0.004337087150095935
0.004319903438781327
0.004332667230981477
0.004315812380283305
0.00434025647958038
0.004349392593483023
0.0043117069820111905
0.004324999469317375
0.004328756601765641
0.002164492175571511
